55 0 2 0 1.11 0
41 0 3 0 1.66 0
51 0 4 0 1.32 1
42 0 2 0 0.61 1
48 0 1 0 0.36 0
54 0 3 0 1.89 1
54 0 1 0 0.87 1
49 0 2 0 1.12 1
57 0 3 0 2.05 0
56 0 3 1 2.76 1
44 0 2 0 1.13 1
43 0 3 0 1.38 1
59 0 3 0 0.96 1
52 0 3 1 1.62 1
33 0 2 0 1.06 0
54 0 2 0 0.47 0
45 0 4 0 1.58 1
64 0 4 0 0.69 1
48 0 3 0 0.91 0
40 0 2 0 0.38 0
49 0 2 0 2.09 1
62 0 3 1 0.87 1
42 0 3 0 0.87 0
49 1 4 0 0.75 0
45 1 2 0 0.98 0
37 0 1 0 0.0 0
49 1 2 0 0.81 1
48 0 3 0 1.38 1
37 1 4 0 1.35 0
49 0 4 1 1.08 1
52 0 2 0 1.51 1
39 0 4 0 0.98 0
48 1 2 1 1.82 1
41 1 2 0 0.19 0
49 0 3 0 0.66 1
32 0 3 1 1.93 0
49 1 1 0 0.12 0
52 0 2 0 1.12 1
20 0 3 0 1.02 0
45 0 3 1 1.68 1
48 0 2 0 1.2 0
53 0 3 1 1.68 1
47 0 3 0 0.97 0
27 0 3 1 1.46 0
56 0 3 1 2.16 1
29 0 1 0 0.61 0
52 1 3 1 1.7 0
48 0 3 0 0.81 0
53 0 2 0 1.08 1
46 1 3 0 1.41 0
53 0 4 1 1.94 0
54 0 4 0 3.05 0
43 0 4 0 0.6 1
49 0 3 1 1.44 0
47 0 2 0 2.25 1
55 0 3 0 0.68 0
51 0 4 1 1.33 1
52 1 3 1 0.82 0
45 0 1 0 0.16 0
48 0 2 0 0.33 0
44 1 3 0 1.2 1
26 0 2 0 0.46 0
23 0 3 1 1.78 0
28 0 4 1 0.77 0
35 1 3 0 0.67 0
